P 768.6675, -1001.4901, -2.1305,  0, 0, 0,  3,  _North_Inn_
P -1246.8154, 225.0018, 16.1237,  0, 0, 0,  3,  West_Village_3
P 1390.0602, 354.9572, 55.9989,  0, 0, 0,  3,  South_Inn_
P 2751.9590, -101.2850, 5.4768,  0, 0, 0,  3,  East_Inn
P -3666.2107, -1192.8379, 48.9533,  0, 240, 0,  3,  to_Kael_Drakkel
P 2407.8469, 2139.4060, 52.3964,  0, 240, 0,  2,  to_South_Ro
P 2471.0630, -1286.6799, 86.3633,  0, 240, 0,  2,  to_Burning_Wood
P 4065.4146, -291.3683, 20.6514,  0, 240, 0,  2,  to_West_Freeport
P -1036.2435, 1156.6748, 41.1299,  0, 240, 0,  3,  to_Kurn
P 1369.0316, -913.0853, -7.0162,  0, 0, 127,  3,  Orc_1
P 195.8310, -702.6917, 23.7217,  0, 0, 127,  3,  Orc_2
P -3140.7556, -1080.2899, 20.9771,  0, 0, 127,  3,  Orc_3
P 1311.6692, 1035.9885, 18.8205,  0, 0, 0,  3,  Undead_Ruins
P -843.3839, 64.9887, 12.9424,  0, 0, 0,  3,  Toll_Booth
P -1596.2483, -726.8513, -44.5025,  0, 0, 0,  3,  Druid_Ring
P -1784.3749, -221.5948, 34.4218,  0, 0, 0,  3,  Wizard_Spire
P -2188.4197, -1194.5934, 26.4215,  0, 0, 0,  3,  Broken_Claw_Bandit_Camp
P -1453.8597, -1096.9032, 65.7681,  0, 0, 0,  3,  Dervish_Cutthroat_Camp
P -1113.7820, -818.4305, 7.2140,  0, 0, 0,  3,  To_Unrest
P 299.4030, -223.0215, 22.2640,  0, 0, 0,  3,  West_Village_#1
