P 6350.0000, -3200.0000, 0.0000,  255, 255, 255,  2,  Secret_Tunnel
P 4000.0000, -3164.0000, 0.0000,  255, 255, 255,  2,  Underwater_Entrance
P 3900.0000, -3900.0000, 0.0000,  255, 255, 255,  2,  Lich's_Cave
P 5392.0000, -557.0000, 0.0000,  255, 255, 255,  2,  Giant_Statue
P 5275.0000, -1122.0000, 0.0000,  255, 255, 255,  2,  Redwind
P -629.0000, -3139.0000, 0.0000,  255, 255, 255,  2,  Succor_Point
P 5447.0000, 865.0000, 0.0000,  255, 255, 255,  2,  Tower_of_Frozen_Shadow
P 4594.0000, -1350.0000, 0.0000,  255, 255, 255,  2,  Icehole
P 4697.0000, -2755.0000, -105.0000,  240, 0, 0,  3,  Crystal_Caverns
P 524.8510, 3054.0540, -113.1870,  0, 240, 0,  3,  to_Droga
P -383.3150, -3681.3149, 0.0010,  0, 240, 0,  3,  The_Temple_of_Veeshan
P 7126.2939, -2000.8115, -59.5818,  0, 0, 240,  3,  Kael_Drakkel
