P 900.0000, -100.0000, 0.0000,  0, 240, 0,  2,  Guk
P -881.0000, 1072.0000, 0.0000,  255, 255, 255,  2,  Ruined_Ferry
P -1237.0000, 1237.0000, 0.0000,  255, 255, 255,  2,  Submerged_Hut
P 7.0000, -1781.0000, 0.0000,  255, 255, 255,  2,  Skel_Tower
P -850.0000, -2400.0000, 0.0000,  0, 240, 0,  2,  South_Ro
P -2100.0000, 1000.0000, 0.0000,  0, 240, 0,  2,  Feerott
P 588.0000, 2192.0000, 0.0000,  255, 255, 255,  2,  Succor_Point
P 156.0000, -1909.0000, 0.0000,  240, 240, 240,  2,  Undead_Tower
P -1183.0000, -1359.0000, 0.0000,  240, 240, 240,  2,  Sebilis(Key)
P 700.0000, 2750.0000, 0.0000,  0, 240, 0,  2,  Guk
