P 342.0000, 596.0000, 143.1470,  0, 240, 0,  2,  Innothule_Swamp
P 800.1070, -5215.9082, 148.3220,  0, 240, 0,  2,  East_Freeport
P 2003.2610, -5132.3691, 30.5940,  0, 240, 0,  2,  East_Freeport
P 2451.7029, -5241.1831, 12.6990,  0, 240, 0,  2,  East_Freeport
P 2500.6731, -4183.3491, 1.0230,  0, 0, 240,  2,  Translocator_Tradil
P 974.1820, -3422.0161, 27.2380,  240, 0, 0,  2,  Dervish_Camp_1
P 971.3800, -3017.9790, 26.2380,  240, 0, 0,  2,  Dervish_Camp_2
P 872.4340, -2063.0549, 28.4790,  240, 0, 0,  2,  Dervish_Camp_3
P 1362.2040, -895.5530, 79.2980,  0, 0, 240,  2,  Wizard_Spires
P 2374.6741, -984.0230, 28.0540,  240, 0, 0,  2,  Dervish_Camp_4
P 1515.5520, 272.1450, 104.5590,  0, 0, 240,  2,  Druid_Ring
P 402.8820, -2349.4590, 141.7580,  240, 0, 0,  2,  Sand_Giants
P 346.3470, -2760.7949, 100.7930,  0, 240, 0,  2,  Commonlands
P 627.4510, -847.1850, 35.0840,  0, 0, 240,  1,  Orcs
P 173.1000, -23.6720, 141.0560,  0, 240, 0,  1,  Kurn
P 1518.8300, -3176.2241, 34.6250,  0, 0, 240,  1,  DesertSands_Inn
